V1: No Delay error (3 sec)	0.048	0.048	0.000	0.190	0.238	0.143	0.238	0.095	0.000	0.000
V2: Delay error (6 sec)	0.048	0.000	0.000	0.190	0.143	0.143	0.476	0.000	0.000	0.000
V3: Slow caption: 90 WPM	0.000	0.048	0.000	0.095	0.190	0.190	0.286	0.190	0.000	0.000
V4: Fast caption: 200 WPM	0.000	0.048	0.048	0.000	0.238	0.238	0.333	0.048	0.048	0.000
V5: 1 HF Missing word	0.000	0.048	0.000	0.048	0.238	0.143	0.381	0.143	0.000	0.000
V6: 5 HF missing words	0.000	0.000	0.000	0.095	0.333	0.190	0.238	0.143	0.000	0.000
V7: 1 LF Missing word	0.000	0.000	0.000	0.143	0.333	0.190	0.095	0.238	0.000	0.000
V8: 5 LF Missing word	0.000	0.000	0.048	0.095	0.238	0.238	0.286	0.048	0.048	0.000
V9: paraphrased	0.000	0.000	0.000	0.190	0.286	0.190	0.333	0.000	0.000	0.000
V10: worst case	0.000	0.048	0.000	0.048	0.333	0.095	0.333	0.143	0.000	0.000
V11: 6 sec + 90 wpm	0.000	0.048	0.048	0.048	0.190	0.190	0.381	0.095	0.000	0.000
V12: 6 sec + 200 wpm	0.048	0.000	0.000	0.143	0.238	0.143	0.429	0.000	0.000	0.000
V13: 90 wpm + 1HF	0.000	0.048	0.000	0.095	0.238	0.143	0.286	0.095	0.048	0.048
V14: 200 wpm + 1HF	0.000	0.095	0.143	0.095	0.286	0.143	0.190	0.048	0.000	0.000
V15: 90 wpm + 5HF	0.048	0.000	0.048	0.190	0.286	0.095	0.286	0.048	0.000	0.000
V16: 200 wpm + 5HF	0.048	0.048	0.143	0.048	0.190	0.190	0.190	0.143	0.000	0.000
V17: 90 wpm + 1LF	0.000	0.095	0.000	0.048	0.143	0.190	0.429	0.048	0.048	0.000
V18: 200 wpm + 1LF	0.000	0.000	0.095	0.095	0.143	0.095	0.429	0.095	0.000	0.048
V19: 90 wpm + 5LF	0.000	0.000	0.095	0.000	0.381	0.048	0.381	0.095	0.000	0.000
V20: 200 wpm + 5LF	0.048	0.000	0.000	0.095	0.333	0.143	0.286	0.095	0.000	0.000
V21: 90 wpm + paraphrased	0.000	0.000	0.000	0.143	0.286	0.143	0.238	0.143	0.048	0.000
V22: 200 wpm + paraphrased	0.048	0.000	0.000	0.143	0.286	0.190	0.238	0.095	0.000	0.000
V23: 0 sec delay	0.000	0.000	0.000	0.333	0.500	0.167	0.000	0.000	0.000	0.000