V1: No Delay error (3 sec)	0.022	0.043	0.065	0.261	0.391	0.565	0.913	1.000	1.000	1.000
V2: Delay error (6 sec)	0.022	0.022	0.022	0.174	0.283	0.478	0.935	1.000	1.000	1.000
V1: No Delay error (3 sec)	0.022	0.043	0.065	0.261	0.391	0.565	0.913	1.000	1.000	1.000
V3: Slow caption: 90 WPM	0.000	0.022	0.022	0.130	0.283	0.391	0.826	1.000	1.000	1.000
V1: No Delay error (3 sec)	0.022	0.043	0.065	0.261	0.391	0.565	0.913	1.000	1.000	1.000
V4: Fast caption: 200 WPM	0.000	0.043	0.087	0.217	0.326	0.478	0.957	0.978	1.000	1.000
V1: No Delay error (3 sec)	0.022	0.043	0.065	0.261	0.391	0.565	0.913	1.000	1.000	1.000
V5: 1 HF Missing word	0.000	0.043	0.043	0.174	0.304	0.478	0.913	1.000	1.000	1.000
V1: No Delay error (3 sec)	0.022	0.043	0.065	0.261	0.391	0.565	0.913	1.000	1.000	1.000
V6: 5 HF missing words	0.000	0.022	0.087	0.196	0.370	0.543	0.891	1.000	1.000	1.000
V1: No Delay error (3 sec)	0.022	0.043	0.065	0.261	0.391	0.565	0.913	1.000	1.000	1.000
V7: 1 LF Missing word	0.000	0.000	0.000	0.087	0.283	0.435	0.804	0.978	1.000	1.000
V1: No Delay error (3 sec)	0.022	0.043	0.065	0.261	0.391	0.565	0.913	1.000	1.000	1.000
V8: 5 LF Missing word	0.000	0.022	0.065	0.283	0.435	0.609	0.935	0.978	1.000	1.000
V1: No Delay error (3 sec)	0.022	0.043	0.065	0.261	0.391	0.565	0.913	1.000	1.000	1.000
V9: paraphrased	0.000	0.022	0.022	0.196	0.391	0.543	0.957	1.000	1.000	1.000
V1: No Delay error (3 sec)	0.022	0.043	0.065	0.261	0.391	0.565	0.913	1.000	1.000	1.000
V10: worst case	0.000	0.022	0.065	0.174	0.435	0.500	0.913	1.000	1.000	1.000
V1: No Delay error (3 sec)	0.022	0.043	0.065	0.261	0.391	0.565	0.913	1.000	1.000	1.000
V11: 6 sec + 90 wpm	0.000	0.065	0.109	0.174	0.370	0.500	0.935	1.000	1.000	1.000
V1: No Delay error (3 sec)	0.022	0.043	0.065	0.261	0.391	0.565	0.913	1.000	1.000	1.000
V12: 6 sec + 200 wpm	0.022	0.022	0.109	0.196	0.348	0.522	1.000	1.000	1.000	1.000
V1: No Delay error (3 sec)	0.022	0.043	0.065	0.261	0.391	0.565	0.913	1.000	1.000	1.000
V13: 90 wpm + 1HF	0.000	0.022	0.022	0.174	0.391	0.457	0.826	0.957	0.978	1.000
V1: No Delay error (3 sec)	0.022	0.043	0.065	0.261	0.391	0.565	0.913	1.000	1.000	1.000
V14: 200 wpm + 1HF	0.000	0.065	0.196	0.304	0.500	0.587	0.957	1.000	1.000	1.000
V1: No Delay error (3 sec)	0.022	0.043	0.065	0.261	0.391	0.565	0.913	1.000	1.000	1.000
V15: 90 wpm + 5HF	0.022	0.022	0.087	0.239	0.522	0.609	0.913	0.978	1.000	1.000
V1: No Delay error (3 sec)	0.022	0.043	0.065	0.261	0.391	0.565	0.913	1.000	1.000	1.000
V16: 200 wpm + 5HF	0.022	0.043	0.130	0.239	0.413	0.609	0.891	1.000	1.000	1.000
V1: No Delay error (3 sec)	0.022	0.043	0.065	0.261	0.391	0.565	0.913	1.000	1.000	1.000
V17: 90 wpm + 1LF	0.000	0.043	0.065	0.152	0.261	0.457	0.913	0.978	1.000	1.000
V1: No Delay error (3 sec)	0.022	0.043	0.065	0.261	0.391	0.565	0.913	1.000	1.000	1.000
V18: 200 wpm + 1LF	0.000	0.043	0.087	0.196	0.283	0.435	0.870	0.978	0.978	1.000
V1: No Delay error (3 sec)	0.022	0.043	0.065	0.261	0.391	0.565	0.913	1.000	1.000	1.000
V19: 90 wpm + 5LF	0.000	0.000	0.043	0.130	0.391	0.478	0.957	1.000	1.000	1.000
V1: No Delay error (3 sec)	0.022	0.043	0.065	0.261	0.391	0.565	0.913	1.000	1.000	1.000
V20: 200 wpm + 5LF	0.022	0.022	0.043	0.196	0.478	0.609	0.935	1.000	1.000	1.000
V1: No Delay error (3 sec)	0.022	0.043	0.065	0.261	0.391	0.565	0.913	1.000	1.000	1.000
V21: 90 wpm + paraphrased	0.000	0.000	0.000	0.174	0.370	0.522	0.870	0.978	1.000	1.000
V1: No Delay error (3 sec)	0.022	0.043	0.065	0.261	0.391	0.565	0.913	1.000	1.000	1.000
V22: 200 wpm + paraphrased	0.022	0.022	0.043	0.174	0.326	0.478	0.913	1.000	1.000	1.000
V1: No Delay error (3 sec)	0.022	0.043	0.065	0.261	0.391	0.565	0.913	1.000	1.000	1.000
V23: 0 sec delay	0.000	0.000	0.000	0.200	0.600	0.800	1.000	1.000	1.000	1.000