V1: No Delay error (3 sec)	0.048	0.095	0.095	0.286	0.524	0.667	0.905	1.000	1.000	1.000
V2: Delay error (6 sec)	0.048	0.048	0.048	0.238	0.381	0.524	1.000	1.000	1.000	1.000
V1: No Delay error (3 sec)	0.048	0.095	0.095	0.286	0.524	0.667	0.905	1.000	1.000	1.000
V3: Slow caption: 90 WPM	0.000	0.048	0.048	0.143	0.333	0.524	0.810	1.000	1.000	1.000
V1: No Delay error (3 sec)	0.048	0.095	0.095	0.286	0.524	0.667	0.905	1.000	1.000	1.000
V4: Fast caption: 200 WPM	0.000	0.048	0.095	0.095	0.333	0.571	0.905	0.952	1.000	1.000
V1: No Delay error (3 sec)	0.048	0.095	0.095	0.286	0.524	0.667	0.905	1.000	1.000	1.000
V5: 1 HF Missing word	0.000	0.048	0.048	0.095	0.333	0.476	0.857	1.000	1.000	1.000
V1: No Delay error (3 sec)	0.048	0.095	0.095	0.286	0.524	0.667	0.905	1.000	1.000	1.000
V6: 5 HF missing words	0.000	0.000	0.000	0.095	0.429	0.619	0.857	1.000	1.000	1.000
V1: No Delay error (3 sec)	0.048	0.095	0.095	0.286	0.524	0.667	0.905	1.000	1.000	1.000
V7: 1 LF Missing word	0.000	0.000	0.000	0.143	0.476	0.667	0.762	1.000	1.000	1.000
V1: No Delay error (3 sec)	0.048	0.095	0.095	0.286	0.524	0.667	0.905	1.000	1.000	1.000
V8: 5 LF Missing word	0.000	0.000	0.048	0.143	0.381	0.619	0.905	0.952	1.000	1.000
V1: No Delay error (3 sec)	0.048	0.095	0.095	0.286	0.524	0.667	0.905	1.000	1.000	1.000
V9: paraphrased	0.000	0.000	0.000	0.190	0.476	0.667	1.000	1.000	1.000	1.000
V1: No Delay error (3 sec)	0.048	0.095	0.095	0.286	0.524	0.667	0.905	1.000	1.000	1.000
V10: worst case	0.000	0.048	0.048	0.095	0.429	0.524	0.857	1.000	1.000	1.000
V1: No Delay error (3 sec)	0.048	0.095	0.095	0.286	0.524	0.667	0.905	1.000	1.000	1.000
V11: 6 sec + 90 wpm	0.000	0.048	0.095	0.143	0.333	0.524	0.905	1.000	1.000	1.000
V1: No Delay error (3 sec)	0.048	0.095	0.095	0.286	0.524	0.667	0.905	1.000	1.000	1.000
V12: 6 sec + 200 wpm	0.048	0.048	0.048	0.190	0.429	0.571	1.000	1.000	1.000	1.000
V1: No Delay error (3 sec)	0.048	0.095	0.095	0.286	0.524	0.667	0.905	1.000	1.000	1.000
V13: 90 wpm + 1HF	0.000	0.048	0.048	0.143	0.381	0.524	0.810	0.905	0.952	1.000
V1: No Delay error (3 sec)	0.048	0.095	0.095	0.286	0.524	0.667	0.905	1.000	1.000	1.000
V14: 200 wpm + 1HF	0.000	0.095	0.238	0.333	0.619	0.762	0.952	1.000	1.000	1.000
V1: No Delay error (3 sec)	0.048	0.095	0.095	0.286	0.524	0.667	0.905	1.000	1.000	1.000
V15: 90 wpm + 5HF	0.048	0.048	0.095	0.286	0.571	0.667	0.952	1.000	1.000	1.000
V1: No Delay error (3 sec)	0.048	0.095	0.095	0.286	0.524	0.667	0.905	1.000	1.000	1.000
V16: 200 wpm + 5HF	0.048	0.095	0.238	0.286	0.476	0.667	0.857	1.000	1.000	1.000
V1: No Delay error (3 sec)	0.048	0.095	0.095	0.286	0.524	0.667	0.905	1.000	1.000	1.000
V17: 90 wpm + 1LF	0.000	0.095	0.095	0.143	0.286	0.476	0.905	0.952	1.000	1.000
V1: No Delay error (3 sec)	0.048	0.095	0.095	0.286	0.524	0.667	0.905	1.000	1.000	1.000
V18: 200 wpm + 1LF	0.000	0.000	0.095	0.190	0.333	0.429	0.857	0.952	0.952	1.000
V1: No Delay error (3 sec)	0.048	0.095	0.095	0.286	0.524	0.667	0.905	1.000	1.000	1.000
V19: 90 wpm + 5LF	0.000	0.000	0.095	0.095	0.476	0.524	0.905	1.000	1.000	1.000
V1: No Delay error (3 sec)	0.048	0.095	0.095	0.286	0.524	0.667	0.905	1.000	1.000	1.000
V20: 200 wpm + 5LF	0.048	0.048	0.048	0.143	0.476	0.619	0.905	1.000	1.000	1.000
V1: No Delay error (3 sec)	0.048	0.095	0.095	0.286	0.524	0.667	0.905	1.000	1.000	1.000
V21: 90 wpm + paraphrased	0.000	0.000	0.000	0.143	0.429	0.571	0.810	0.952	1.000	1.000
V1: No Delay error (3 sec)	0.048	0.095	0.095	0.286	0.524	0.667	0.905	1.000	1.000	1.000
V22: 200 wpm + paraphrased	0.048	0.048	0.048	0.190	0.476	0.667	0.905	1.000	1.000	1.000
V1: No Delay error (3 sec)	0.048	0.095	0.095	0.286	0.524	0.667	0.905	1.000	1.000	1.000
V23: 0 sec delay	0.000	0.000	0.000	0.333	0.833	1.000	1.000	1.000	1.000	1.000