V1: No Delay error (3 sec)	0.000	0.000	0.040	0.240	0.280	0.480	0.920	1.000	1.000	1.000
V2: Delay error (6 sec)	0.000	0.000	0.000	0.120	0.200	0.440	0.880	1.000	1.000	1.000
V1: No Delay error (3 sec)	0.000	0.000	0.040	0.240	0.280	0.480	0.920	1.000	1.000	1.000
V3: Slow caption: 90 WPM	0.000	0.000	0.000	0.120	0.240	0.280	0.840	1.000	1.000	1.000
V1: No Delay error (3 sec)	0.000	0.000	0.040	0.240	0.280	0.480	0.920	1.000	1.000	1.000
V4: Fast caption: 200 WPM	0.000	0.040	0.080	0.320	0.320	0.400	1.000	1.000	1.000	1.000
V1: No Delay error (3 sec)	0.000	0.000	0.040	0.240	0.280	0.480	0.920	1.000	1.000	1.000
V5: 1 HF Missing word	0.000	0.040	0.040	0.240	0.280	0.480	0.960	1.000	1.000	1.000
V1: No Delay error (3 sec)	0.000	0.000	0.040	0.240	0.280	0.480	0.920	1.000	1.000	1.000
V6: 5 HF missing words	0.000	0.040	0.160	0.280	0.320	0.480	0.920	1.000	1.000	1.000
V1: No Delay error (3 sec)	0.000	0.000	0.040	0.240	0.280	0.480	0.920	1.000	1.000	1.000
V7: 1 LF Missing word	0.000	0.000	0.000	0.040	0.120	0.240	0.840	0.960	1.000	1.000
V1: No Delay error (3 sec)	0.000	0.000	0.040	0.240	0.280	0.480	0.920	1.000	1.000	1.000
V8: 5 LF Missing word	0.000	0.040	0.080	0.400	0.480	0.600	0.960	1.000	1.000	1.000
V1: No Delay error (3 sec)	0.000	0.000	0.040	0.240	0.280	0.480	0.920	1.000	1.000	1.000
V9: paraphrased	0.000	0.040	0.040	0.200	0.320	0.440	0.920	1.000	1.000	1.000
V1: No Delay error (3 sec)	0.000	0.000	0.040	0.240	0.280	0.480	0.920	1.000	1.000	1.000
V10: worst case	0.000	0.000	0.080	0.240	0.440	0.480	0.960	1.000	1.000	1.000
V1: No Delay error (3 sec)	0.000	0.000	0.040	0.240	0.280	0.480	0.920	1.000	1.000	1.000
V11: 6 sec + 90 wpm	0.000	0.080	0.120	0.200	0.400	0.480	0.960	1.000	1.000	1.000
V1: No Delay error (3 sec)	0.000	0.000	0.040	0.240	0.280	0.480	0.920	1.000	1.000	1.000
V12: 6 sec + 200 wpm	0.000	0.000	0.160	0.200	0.280	0.480	1.000	1.000	1.000	1.000
V1: No Delay error (3 sec)	0.000	0.000	0.040	0.240	0.280	0.480	0.920	1.000	1.000	1.000
V13: 90 wpm + 1HF	0.000	0.000	0.000	0.200	0.400	0.400	0.840	1.000	1.000	1.000
V1: No Delay error (3 sec)	0.000	0.000	0.040	0.240	0.280	0.480	0.920	1.000	1.000	1.000
V14: 200 wpm + 1HF	0.000	0.040	0.160	0.280	0.400	0.440	0.960	1.000	1.000	1.000
V1: No Delay error (3 sec)	0.000	0.000	0.040	0.240	0.280	0.480	0.920	1.000	1.000	1.000
V15: 90 wpm + 5HF	0.000	0.000	0.080	0.200	0.480	0.560	0.880	0.960	1.000	1.000
V1: No Delay error (3 sec)	0.000	0.000	0.040	0.240	0.280	0.480	0.920	1.000	1.000	1.000
V16: 200 wpm + 5HF	0.000	0.000	0.040	0.200	0.360	0.560	0.920	1.000	1.000	1.000
V1: No Delay error (3 sec)	0.000	0.000	0.040	0.240	0.280	0.480	0.920	1.000	1.000	1.000
V17: 90 wpm + 1LF	0.000	0.000	0.040	0.160	0.240	0.440	0.920	1.000	1.000	1.000
V1: No Delay error (3 sec)	0.000	0.000	0.040	0.240	0.280	0.480	0.920	1.000	1.000	1.000
V18: 200 wpm + 1LF	0.000	0.080	0.080	0.200	0.240	0.440	0.880	1.000	1.000	1.000
V1: No Delay error (3 sec)	0.000	0.000	0.040	0.240	0.280	0.480	0.920	1.000	1.000	1.000
V19: 90 wpm + 5LF	0.000	0.000	0.000	0.160	0.320	0.440	1.000	1.000	1.000	1.000
V1: No Delay error (3 sec)	0.000	0.000	0.040	0.240	0.280	0.480	0.920	1.000	1.000	1.000
V20: 200 wpm + 5LF	0.000	0.000	0.040	0.240	0.480	0.600	0.960	1.000	1.000	1.000
V1: No Delay error (3 sec)	0.000	0.000	0.040	0.240	0.280	0.480	0.920	1.000	1.000	1.000
V21: 90 wpm + paraphrased	0.000	0.000	0.000	0.200	0.320	0.480	0.920	1.000	1.000	1.000
V1: No Delay error (3 sec)	0.000	0.000	0.040	0.240	0.280	0.480	0.920	1.000	1.000	1.000
V22: 200 wpm + paraphrased	0.000	0.000	0.040	0.160	0.200	0.320	0.920	1.000	1.000	1.000
V1: No Delay error (3 sec)	0.000	0.000	0.040	0.240	0.280	0.480	0.920	1.000	1.000	1.000
V23: 0 sec delay	0.000	0.000	0.000	0.000	0.250	0.500	1.000	1.000	1.000	1.000